,PageRank,Centrality,Betweenness,Radiality,Clustering Coefficient,Local Efficiency,Node Degrees
PIDC,2.665121668597914,2.665121668597914,0.0,2.665121668597914,0.0,0.0,2.665121668597914
GRNBOOST2,0.0,0.0,0.0,0.0,2.665121668597914,2.665121668597914,2.665121668597914
PPCOR,0.0,0.0,0.0,0.0,2.665121668597914,0.0,0.0
SINCERITIES,0.0,0.0,0.0,0.0,0.0,0.0,0.0
